europe/france/haute-garonne.mapgr
105327 87520
139509 100282
35700 36248
55511 56409
21981 106532
54049 24436
87761 48714
134293 87289
126891 128431
83214 87889
150766 100396
155641 102057
44981 103031
50107 129208
106753 137163
48957 138235
98068 105506
71476 73095
106164 149699
133646 75411
93207 54362
53155 103736
47450 111160
151462 134097
45711 89058
142458 90058
74865 127988
71287 105961
83526 11729
35441 106787
3444 152793
131899 8784
118015 130577
44205 76151
67106 30405
11309 136700
50606 144713
126732 125665
26548 155610
150879 25169
131489 149591
